0	0.250000
0	0.333333
0	0.333333
0	0.083333
1	0.333333
1	0.250000
1	0.166667
1	0.166667
1	1.000000
10	0.166667
10	0.166667
10	0.200000
10	0.166667
10	0.333333
11	0.333333
11	0.333333
12	0.500000
12	0.166667
12	0.200000
12	0.142857
12	0.250000
12	0.250000
12	0.142857
13	0.333333
13	0.333333
13	0.250000
13	0.200000
13	0.142857
14	0.250000
14	0.250000
15	0.333333
15	0.333333
15	0.333333
15	0.142857
15	0.333333
15	0.250000
16	0.250000
16	0.166667
16	0.250000
17	0.333333
17	0.500000
18	0.250000
18	0.166667
18	0.250000
18	0.166667
18	0.250000
18	0.142857
18	0.200000
18	0.142857
19	0.142857
19	0.166667
19	0.333333
19	0.200000
19	0.166667
2	0.333333
2	0.250000
2	0.200000
2	0.142857
2	0.166667
2	0.200000
2	0.250000
20	0.500000
20	0.142857
20	0.333333
20	0.250000
20	0.142857
20	0.333333
21	0.250000
21	0.500000
21	0.125000
21	0.200000
21	0.200000
22	0.333333
22	0.166667
22	0.166667
22	0.333333
22	0.333333
23	0.333333
23	0.250000
23	0.200000
24	0.125000
24	0.200000
24	0.250000
24	0.333333
24	0.166667
24	0.200000
24	0.166667
24	0.333333
25	0.250000
25	0.250000
25	0.500000
25	0.166667
26	0.250000
26	0.200000
26	0.200000
26	0.200000
26	0.250000
27	0.250000
27	0.166667
27	1.000000
27	0.142857
27	0.333333
27	0.166667
27	0.142857
28	0.142857
28	0.166667
28	0.166667
28	0.333333
28	0.166667
28	0.166667
29	0.166667
29	0.142857
29	0.250000
29	0.142857
29	0.250000
3	0.166667
3	0.333333
3	0.142857
30	0.142857
30	0.333333
30	0.142857
30	0.200000
30	0.500000
31	0.166667
31	0.250000
31	0.250000
31	0.200000
31	0.333333
31	1.000000
31	0.250000
31	1.000000
31	0.200000
32	0.166667
32	0.083333
32	0.200000
32	0.250000
32	0.333333
32	0.166667
32	0.200000
33	0.250000
33	0.333333
33	0.166667
33	0.250000
33	0.166667
34	0.142857
34	0.333333
34	0.333333
34	0.142857
35	0.166667
35	0.250000
35	0.500000
36	0.250000
36	0.142857
36	0.250000
36	0.250000
36	0.250000
37	1.000000
37	0.250000
37	0.500000
37	0.333333
37	0.083333
37	0.142857
38	0.166667
38	0.250000
38	0.200000
38	0.250000
38	0.166667
38	0.333333
39	0.166667
39	0.142857
39	0.250000
39	0.166667
39	0.250000
39	0.250000
39	0.333333
4	0.200000
4	0.166667
4	0.125000
4	0.333333
40	0.166667
40	0.083333
40	0.166667
40	0.166667
40	0.333333
41	0.166667
41	0.333333
41	0.083333
41	0.250000
41	0.142857
41	0.500000
42	0.333333
42	0.333333
42	0.166667
43	0.333333
43	0.250000
43	0.166667
43	0.250000
44	0.200000
44	0.083333
44	0.250000
44	0.333333
45	0.250000
45	0.333333
45	0.250000
45	0.333333
45	0.333333
45	0.250000
45	0.333333
46	0.333333
46	0.142857
46	0.166667
46	0.333333
47	0.142857
47	0.142857
47	0.250000
49	0.200000
49	0.166667
49	0.250000
49	0.142857
49	0.333333
49	0.142857
5	0.142857
5	0.200000
5	0.083333
5	0.250000
50	0.333333
50	0.200000
50	0.250000
50	0.166667
50	0.166667
51	0.142857
51	0.166667
51	0.166667
51	0.200000
51	0.250000
51	0.166667
52	0.333333
52	0.250000
52	0.200000
52	0.333333
52	0.250000
53	0.250000
53	0.200000
53	0.142857
54	0.142857
54	0.142857
54	0.166667
54	0.500000
54	0.142857
55	0.166667
55	0.200000
55	0.166667
55	0.166667
56	0.250000
56	0.333333
56	0.125000
57	0.166667
57	0.250000
57	0.166667
58	0.200000
58	0.333333
58	0.333333
58	0.166667
59	0.333333
59	0.333333
6	0.166667
6	0.142857
6	0.250000
6	0.166667
6	0.200000
60	0.333333
60	0.200000
61	0.333333
61	0.166667
61	0.333333
61	0.142857
61	0.250000
62	0.250000
62	0.333333
62	0.333333
62	0.142857
62	0.142857
63	0.142857
63	0.500000
64	0.333333
64	0.333333
64	0.166667
64	0.142857
65	0.333333
65	0.142857
65	0.250000
65	0.250000
65	0.142857
66	0.333333
66	0.142857
66	0.142857
66	0.333333
66	0.250000
67	0.166667
67	0.125000
67	0.333333
67	0.200000
67	0.166667
68	0.333333
68	0.250000
68	0.125000
69	0.083333
69	0.142857
69	0.166667
69	0.500000
69	0.166667
69	0.333333
7	0.333333
7	1.000000
7	0.333333
70	0.333333
70	0.142857
70	0.250000
70	0.250000
70	0.250000
71	0.250000
71	0.250000
71	0.333333
71	0.333333
71	0.333333
71	0.142857
72	0.200000
72	0.250000
72	0.142857
72	0.166667
72	0.333333
73	0.250000
74	0.250000
75	0.142857
76	1.000000
77	0.333333
77	0.142857
78	0.250000
78	0.200000
78	0.200000
79	0.250000
79	0.142857
79	0.083333
79	0.250000
8	0.200000
8	0.142857
80	0.500000
80	0.125000
80	0.250000
81	0.166667
81	0.166667
81	0.200000
81	0.250000
83	0.250000
83	0.142857
83	0.083333
83	0.200000
83	0.200000
84	0.250000
84	0.500000
84	0.250000
85	0.142857
85	0.083333
85	0.166667
86	0.125000
86	0.083333
86	0.200000
86	0.333333
89	0.250000
9	0.166667
9	1.000000
9	0.166667
9	0.250000
90	0.166667
92	0.200000
92	0.142857
92	1.000000
93	0.166667
93	0.250000
93	0.200000
93	0.200000
94	0.333333
95	0.250000
96	0.250000
96	0.333333
FinalRank:81.749987	96
